%YAML:1.0
---
calibration_time: "2017年08月12日 星期六 16时55分31秒"
image_width: 640
image_height: 480
board_width: 9
board_height: 6
square_size: 1.
aspectRatio: 1.
flags: 2
camera_matrix: !!opencv-matrix
   rows: 3
   cols: 3
   dt: d
   data: [ 1.1127594946540742e+03, 0., 2.8484473412644081e+02, 0.,
       1.1127594946540742e+03, -1.0038948971782095e+02, 0., 0., 1. ]
distortion_coefficients: !!opencv-matrix
   rows: 5
   cols: 1
   dt: d
   data: [ -8.2385432505989220e-01, 2.0144627539157063e+00,
       5.0665633005347398e-02, 6.9218758308330318e-03,
       -3.7296486909162709e+00 ]
avg_reprojection_error: 6.5465550726612776e-01
